203

955

1393

1232

410

70

1261

1399

1156

1814

635

1191

194

111

1175

1551

1500

615

867

232

1362

220

547

370

225

370

1775

1620

434

713

842

1487

1872

60

872

1517

416

1585

1184

510

113

826

325

1013

1041

95

539

45

927

1673

818

161

1743

374

1130

826

787

1860

1954

341

1004

534

823

1519

1697

1691

1199

1769

195

1186

759

263

1499

1889

1877

1469

556

1845

972

1520

307

261

1237

1525

444

148

1269

326

470

829

82

1947

476

1329

1117

471

1936

1150

1972

965

703

1922

792

1720

1402

1990

523

51

461

101

570

1626

129

80

1787

1532

2

1619

1185

1993

1815

1106

1246

1077

1571

811

1345

595

403

690

1395

1883

42

564

534

1179

197

1484

466

1909

1742

1740

1879

1363

1190

1142

1253

1941

622

972

337

461

973

306

1586

831

1371

284

1940

1835

1096

351

436

724

1635

492

394

835

304

1045

166

1596

1966

811

1740

1879

1474

849

1946

917

626

1634

390

784

1696

1028

1827

766

880

1913

239

873

1327

1288

1480

1212

930

1091

1165

1960

