247

1536

228

371

540

1552

1562

1559

1487

85

1366

1724

1583

600

1412

1028

1959

505

375

971

677

643

1105

1143

1487

819

79

1053

657

1236

662

500

72

983

1750

1633

490

1395

1256

152

1577

497

1958

1931

1136

546

1320

777

807

185

989

979

1446

1684

1923

858

374

341

1363

622

722

1194

165

1461

240

1953

1437

1092

1076

256

1864

1679

1301

172

1609

1465

1222

1309

1289

1308

916

1736

1135

1821

1826

1503

179

1827

743

567

52

442

1060

1580

829

1259

1786

179

1237

1841

1480

1142

497

967

16

157

97

1983

1864

1740

870

977

464

358

1883

1471

155

1746

871

881

160

1045

1177

54

117

1426

1555

1892

805

1651

509

257

865

1187

350

142

556

1365

1656

472

882

427

395

1753

808

1233

1604

302

660

940

1258

798

357

1975

1687

1508

603

1315

1758

1685

1827

208

920

363

1323

1284

171

58

1742

275

1016

1729

1960

1456

1572

764

122

1371

1117

1701

654

382

576

1987

1992

166

726

103

1814

1405

213

1084

1700

1609

1860

690

1309

236

238

218

1383

1135

1931

1358

1209

686

584

349

1517

1929

1358

1183

222

536

257

656

1899

1483

418

1613

446

1947

403

956

1958

120

350

1637

1583

1389

822

1201

1772

673

219

1246

233

512

1675

604

1673

1046

1533

1998

407

1923

656

1482

834

1815

1150

36

1900

299

365

1389

1705

1583

1444

1336

1647

1785

1163

1583

1694

1294

1282

1554

1690

1135

1258

432

1962

1172

1776

1246

1905

514

267

796

1734

516

1358

1819

111

444

1032

989

990

1014

1147

6

689

1799

941

1363

926

795

157

1204

1364

327

503

1093

78

899

311

486

255

1621

1444

245

467

371

1805

605

1848

1011

1084

681

680

665

1813

822

1016

1280

241

1882

1238

561

34

864

720

1700

433

251

159

1288

1101

846

1520

295

624

973

1081

45

371

459

1539

1789

290

6

844

613

63

1271

0

198

30

254

1896

276

1297

435

1974

1476

1521

522

1420

704

22

638

488

208

1046

293

1560

1039

1328

1611

583

748

1352

1918

1626

1841

1181

1017

512

1782

1123

285

1664

1124

1056

1035

1659

1751

1790

528

1279

142

1502

1469

1350

1059

1970

861

75

1148

1130

694

1158

1550

258

91

621

1815

37

262

1864

171

1658

1898

1307

1498

1180

1489

683

263

1402

439

979

1057

1697

848

899

456

404

347

1731

415

693

1470

546

1577

1119

706

753

565

483

601

1252

542

1065

1057

589

1203

828

1314

899

661

1756

26

1719

1698

139

1302

215

315

1316

1615

1830

1581

179

79

1937

440

1521

759

655

1263

1268

394

1687

1768

533

191

1779

160

1485

203

169

1272

1084

1208

1283

1934

1891

1985

854

1746

362

1390

1610

1049

280

766

1754

996

368

856

1540

1308

444

619

442

1552

1987

1117

1652

1611

495

13

1924

369

547

1103

1160

588

221

792

1538

455

1102

1438

506

331

1998

124

1458

875

227

515

583

1902

272

1236

1987

70

1556

465

1989

1829

1091

1254

1237

1936

832

1575

179

1261

1738

963

1348

627

723

234

898

7

934

1824

1867

488

177

1956

796

133

635

51

1432

116

1541

1599

584

318

934

72

1376

1943

1243

1283

628

668

74

205

1406

1323

261

1138

1363

181

65

1857

1971

1547

1149

415

1403

1548

942

70

464

1742

889

1049

737

518

1140

1733

879

1102

1305

231

889

1467

20

295

1072

1375

1317

1074

432

1431

1030

267

245

86

1779

926

723

1246

540

1368

1785

1407

163

1421

1265

1012

1818

618

1111

145

849

814

559

1585

200

1195

630

774

1284

1694

832

274

1914

1386

462

1974

749

1633

1538

1444

1616

1448

58

1608

1012

834

1001

1233

101

700

335

1584

617

1369

79

55

223

1663

475

564

1061

1062

248

1108

1531

577

11

938

1632

1580

980

1568

615

101

1335

1033

145

837

1792

1663

676

534

268

1986

1351

228

860

1337

341

363

808

1236

1279

1818

570

678

206

1461

709

1074

241

1018

899

826

138

767

1011

1201

1793

834

9

547

826

746

1156

735

1396

256

1913

159

1608

1477

1821

1620

1020

1861

1643

1024

1057

1662

118

1869

471

196

746

1292

1354

398

251

1599

693

1009

538

1087

1954

15

1328

1300

788

1910

975

835

540

818

392

277

1035

1516

1527

941

1782

1039

1353

1718

650

663

946

1485

914

1819

936

1334

1544

1749

1293

1156

1623

1561

1268

1005

1852

785

129

1108

270

439

1263

1389

1471

1212

1240

1932

941

419

1407

1940

380

1068

779

448

350

591

1100

1267

992

1566

212

1501

84

133

178

1294

304

1658

1941

469

206

1744

744

1159

85

1652

12

662

735

842

1954

1299

1881

1459

753

330

1987

365

870

662

88

1525

758

446

1310

1492

1036

503

836

1045

83

992

194

1103

892

697

967

493

1042

1914

295

1289

673

1015

1845

79

1482

1462

1355

753

908

322

1267

166

1925

1096

535

401

171

1121

1220

242

458

665

1171

1958

205

1412

1764

1511

1744

47

1463

924

1056

291

1775

667

1066

1946

90

1683

1345

239

1815

923

740

1049

280

1107

1319

1563

901

880

829

1218

328

1440

810

912

1397

285

505

944

1074

1827

725

320

830

256

964

1725

1346

267

1225

1729

1844

57

1258

593

889

332

193

435

92

970

945

455

762

1475

152

1387

283

360

1928

475

1739

232

248

812

1174

1472

372

1168

1707

149

444

85

756

1072

72

1414

1564

756

1542

1303

1370

1454

1170

1079

1639

400

1185

510

1051

1930

595

1445

1133

262

450

1007

1823

1335

1102

150

1588

1382

187

1705

217

1643

310

1804

1895

1005

722

1958

1772

1251

1606

31

853

1070

1062

822

1774

1008

1307

1058

1771

167

229

1190

985

554

955

1628

147

781

1868

1748

1630

1039

142

363

1895

137

1753

188

1392

811

1726

310

179

1473

321

1631

1679

1100

1848

861

1297

1059

871

717

912

1326

1604

1732

691

784

574

271

104

47

1774

203

534

627

1890

41

475

156

495

1313

935

1839

577

1404

1371

1377

230

1207

1263

149

867

521

1240

1639

964

331

591

815

997

869

922

1391

961

1655

768

1855

686

595

1011

1437

997

1656

141

254

712

652

1556

1353

443

210

416

482

1219

142

841

70

74

121

1679

1147

1879

1821

516

667

995

1476

1078

93

1550

1226

836

1977

1568

512

1174

766

1564

1333

259

56

713

1193

479

1176

1266

1232

161

1077

471

206

1168

1260

951

1734

1934

1753

1221

551

1501

987

1823

1373

224

1826

1419

1433

930

4

1114

737

546

1700

250

652

433

157

987

1585

73

807

69

175

1050

706

368

1682

815

747

29

98

161

550

1332

809

979

1800

762

689

1478

280

179

1883

743

1865

502

706

1304

1391

1824

1646

1218

1388

1535

680

12

465

654

1851

1855

376

361

373

303

642

1461

406

42

42

1436

90

223

1210

599

409

1159

166

904

53

1443

632

1993

1530

1853

1733

1166

524

1836

813

1139

679

1780

932

1709

1879

1830

960

711

1403

1573

1056

41

320

556

1819

1926

1964

1306

1423

1133

1422

310

1642

300

543

198

837

267

233

320

1678

899

502

818

1691

625

1068

1332

1524

768

1176

1558

1274

1553

767

1024

1155

620

107

1620

1348

1861

1539

758

944

450

1195

1275

1571

1025

138

671

1504

192

1694

667

837

1710

545

619

1662

1066

1500

899

1088

1467

1855

979

1397

1727

688

1679

704

2

1566

1814

1044

1869

1722

263

990

889

959

1424

611

404

1310

966

1883

1129

1773

1758

1498

1850

1325

1009

1411

408

1869

739

1471

1079

752

928

1987

466

70

1967

179

1017

1100

335

1124

1446

881

846

1057

483

230

270

604

605

283

603

1936

1745

35

1911

717

1265

289

247

1159

1975

1924

1896

602

415

470

946

542

1197

565

1012

280

1799

1136

1845

1000

1879

800

1513

447

1922

1372

829

1149

1813

1219

832

595

823

1616

229

1709

380

308

1918

526

10

994

4

1031

874

1629

1001

841

440

83

1379

1558

1991

975

1987

468

1931

315

464

1562

126

942

1297

1797

1879

1711

1849

950

604

871

1358

493

1662

1137

704

474

489

599

1547

1564

1631

1784

363

172

93

962

1808

1748

49

1064

927

1344

823

508

731

786

1879

614

875

898

1499

344

327

665

1793

613

201

1371

1773

1591

275

382

281

1093

75

463

1783

363

885

320

257

1457

554

387

1679

1727

545

786

39

1881

328

1873

1147

610

1900

1801

1076

808

1023

132

1562

56

1534

1695

1319

1226

1070

600

1923

1814

395

589

1609

922

637

796

171

689

741

1327

972

413

1644

1107

45

598

1849

937

1194

743

1358

1807

110

786

1250

179

1577

1848

584

157

73

1134

752

1263

1233

681

1955

1879

34

24

1002

301

818

782

337

1855

801

675

849

1555

92

1519

1834

1328

1904

440

264

1075

162

1652

442

1473

432

1963

78

1770

1826

456

1806

1628

334

1671

290

503

1871

70

147

1010

319

1537

1208

261

1724

1280

805

1243

980

560

181

996

1332

1435

1469

1521

281

905

1171

1186

1665

1676

1545

706

1030

155

939

685

1703

1188

1708

1208

489

1608

86

1954

312

665

131

1953

736

1086

1715

1222

1880

1684

397

258

919

1170

980

1654

1104

1178

608

933

1038

337

1256

1104

792

715

1701

1446

1379

924

1212

1506

1091

762

1462

448

246

377

1538

1497

1003

650

1269

1494

1104

721

575

315

1574

1415

1056

277

795

1699

611

1569

650

1222

514

189

922

1530

1111

1931

1568

1564

1025

1541

1074

1725

1620

332

684

934

1356

254

991

910

1612

1724

1092

1161

602

336

1322

1101

1037

1990

449

109

398

983

1105

374

1819

1059

1268

927

902

1611

594

375

1078

1801

567

563

1556

633

573

1626

1313

782

255

715

143

324

1794

53

1323

1432

150

925

129

568

662

695

108

713

1987

19

816

831

1794

1042

523

842

1332

571

1310

165

619

935

1929

152

748

1604

1798

1559

1599

479

1610

1654

125

1208

160

1482

258

1921

1201

380

548

1280

414

1911

1603

1930

900

1052

580

1080

4

677

116

1222

714

186

342

796

1438

451

904

989

489

1167

1289

811

288

1184

183

59

1000

1385

48

877

49

1329

1693

1246

843

990

1197

1879

879

1655

204

1837

395

1353

399

1394

1720

1982

1718

1644

593

1778

1727

730

1804

1655

541

583

801

1567

1611

1656

66

1074

1804

221

511

975

244

1506

1443

108

620

234

143

1155

1871

1849

1620

1703

1462

1224

696

1640

1817

436

159

1514

1936

1836

518

451

645

599

579

873

1551

624

1940

383

325

825

376

918

636

1612

1044

1558

1806

1665

467

209

1026

995

307

803

1859

1707

110

631

667

916

402

922

1586

779

1764

937

743

786

1887

1445

1467

1108

934

1716

497

1066

70

911

345

1599

475

130

1340

977

767

1257

