203

955

1232

1232

1232

1232

1232

1232

1232

1232

1232

1232

1232

1232

1232

1232

1232

1232

1232

1232

1232

1232

1232

1232

1232

1232

1232

1232

1232

1232

1232

1232

1232

1232

1232

1232

1232

1232

1232

1232

1232

1232

1232

1232

1232

1232

1232

1232

1232

1232

1232

1232

1232

1232

1232

1232

1232

1232

1232

1232

1232

1232

1232

1232

1232

1232

1232

1232

1232

1232

1232

1232

1232

1232

1232

1232

1232

1232

1232

1232

1232

1232

1232

1232

1232

1232

1232

1232

1232

1232

1232

1232

1232

1232

1232

1232

1232

1232

1232

1232

1232

1232

1232

1232

1232

1232

1232

1232

1232

1232

1232

1232

1232

1232

1232

1232

1232

1232

1232

1232

1232

1232

1232

1232

1237

1246

1253

1261

1269

1288

1327

1329

1345

1362

1363

1371

1393

1395

1399

1402

1469

1474

1480

1484

1487

1499

1500

1517

1519

1520

1525

1532

1551

1571

1585

1586

1596

1619

1620

1626

1634

1635

1673

1691

1696

1697

1720

1740

1740

1742

1743

1769

1775

1787

1814

1815

1827

1835

1845

1860

1872

1877

1879

1879

1883

1889

1909

1913

1922

1936

1940

1941

1946

1947

1954

1960

1966

1972

1990

1993

