0

2

4

4

4

6

6

7

9

10

11

12

12

13

15

16

19

20

22

24

26

29

30

31

34

34

35

36

37

39

41

41

42

42

45

45

47

47

48

49

49

51

52

53

53

54

55

56

56

57

58

58

59

63

65

66

69

70

70

70

70

70

70

72

72

72

73

73

74

74

75

75

78

78

79

79

79

79

83

83

84

85

85

85

86

86

88

90

90

91

92

92

93

93

97

98

101

101

103

104

107

108

108

109

110

110

111

116

116

117

118

120

121

122

124

125

126

129

129

130

131

132

133

133

137

138

138

139

141

142

142

142

142

143

143

145

145

147

147

149

149

150

150

152

152

152

155

155

156

157

157

157

157

159

159

159

160

160

160

161

161

162

163

165

165

166

166

166

167

169

171

171

171

171

172

172

175

177

178

179

179

179

179

179

179

179

179

181

181

183

185

186

187

188

189

191

192

193

194

196

198

198

200

201

203

203

204

205

205

206

206

206

208

208

209

210

212

213

215

217

218

219

221

221

222

223

223

224

227

228

228

229

229

230

230

231

232

233

233

234

234

236

238

239

240

241

241

242

244

245

245

246

247

247

248

248

250

251

251

254

254

254

255

255

256

256

256

257

257

257

258

258

258

259

261

261

262

262

263

263

264

267

267

267

267

268

270

270

271

272

274

275

275

276

277

277

280

280

280

280

281

281

283

283

285

285

288

289

290

290

291

293

295

295

295

299

300

301

302

303

304

307

308

310

310

310

311

312

315

315

315

318

319

320

320

320

320

321

322

324

325

327

327

328

328

330

331

331

332

332

334

335

335

336

337

337

341

341

342

344

345

347

349

350

350

350

357

358

360

361

362

363

363

363

363

363

365

365

368

368

369

371

371

371

372

373

374

374

375

375

376

376

377

380

380

380

382

382

383

387

392

394

395

395

395

397

398

398

399

400

401

402

403

404

404

406

407

408

409

413

414

415

415

415

416

418

419

427

432

432

432

433

433

435

435

436

439

439

440

440

440

442

442

442

443

444

444

444

446

446

447

448

448

449

450

450

451

451

455

455

456

456

458

459

462

463

464

464

464

465

465

466

467

467

468

469

470

471

471

472

474

475

475

475

475

479

479

482

483

483

486

488

488

489

489

489

490

493

493

495

495

497

497

497

500

502

502

503

503

503

505

505

506

508

509

510

511

512

512

512

514

514

515

516

516

518

518

521

522

523

524

526

528

533

534

534

535

536

538

540

540

540

541

542

542

543

545

545

546

546

546

547

547

548

550

551

554

554

556

556

559

560

561

563

564

565

565

567

567

568

570

571

573

574

575

576

577

577

579

580

583

583

583

584

584

584

588

589

589

591

591

593

593

594

595

595

595

598

599

599

599

600

600

601

602

602

603

603

604

604

604

605

605

608

610

611

611

613

613

614

615

617

618

619

619

619

620

620

621

622

624

624

625

627

627

628

630

631

632

633

635

636

637

638

642

643

645

650

650

650

652

652

654

654

655

656

656

657

660

661

662

662

662

662

663

665

665

665

665

667

667

667

667

668

671

673

673

675

676

677

677

678

679

680

680

681

681

683

684

685

686

686

688

689

689

689

690

691

693

693

694

695

696

697

700

704

704

704

706

706

706

706

709

711

712

713

713

714

715

715

717

717

720

721

722

722

723

723

725

726

730

731

735

735

736

737

737

739

740

741

743

743

743

743

744

746

746

747

748

748

749

752

752

753

753

753

756

756

758

758

759

762

762

762

764

766

766

767

767

767

768

768

774

777

779

779

781

782

782

784

785

786

786

786

786

788

792

792

795

795

796

796

796

796

798

800

801

801

803

805

805

807

807

808

808

808

809

810

811

811

812

813

814

815

815

816

818

818

818

819

822

822

822

823

823

825

826

826

828

829

829

829

830

831

832

832

832

834

834

834

835

836

836

837

837

837

841

841

842

842

843

844

846

846

848

849

849

853

854

856

858

860

861

861

864

865

867

869

870

870

871

871

871

873

874

875

875

877

879

879

880

881

881

882

885

889

889

889

889

892

898

898

899

899

899

899

899

899

900

901

902

904

904

905

908

910

911

912

912

914

916

916

918

919

920

922

922

922

922

923

924

924

925

926

926

927

927

928

930

932

933

934

934

934

934

935

935

936

937

937

938

939

940

941

941

941

942

942

944

944

945

946

946

950

951

955

956

959

960

961

962

963

964

964

966

967

967

970

971

972

973

975

975

975

977

977

979

979

979

979

980

980

980

983

983

985

987

987

989

989

989

990

990

990

991

992

992

994

995

995

996

996

997

997

1000

1000

1001

1001

1002

1003

1005

1005

1007

1008

1009

1009

1010

1011

1011

1011

1012

1012

1012

1014

1015

1016

1016

1017

1017

1018

1020

1023

1024

1024

1025

1025

1026

1028

1030

1030

1031

1032

1033

1035

1035

1036

1037

1038

1039

1039

1039

1042

1042

1044

1044

1045

1045

1046

1046

1049

1049

1049

1050

1051

1052

1053

1056

1056

1056

1056

1057

1057

1057

1057

1058

1059

1059

1059

1060

1061

1062

1062

1064

1065

1066

1066

1066

1068

1068

1070

1070

1072

1072

1074

1074

1074

1074

1074

1075

1076

1076

1077

1078

1078

1079

1079

1080

1081

1084

1084

1084

1086

1087

1088

1091

1091

1092

1092

1093

1093

1096

1100

1100

1100

1101

1101

1102

1102

1102

1103

1103

1104

1104

1104

1105

1105

1107

1107

1108

1108

1108

1111

1111

1114

1117

1117

1119

1121

1123

1124

1124

1129

1130

1133

1133

1134

1135

1135

1135

1136

1136

1137

1138

1139

1140

1142

1143

1147

1147

1147

1148

1149

1149

1150

1155

1155

1156

1156

1158

1159

1159

1159

1160

1161

1163

1166

1167

1168

1168

1170

1170

1171

1171

1172

1174

1174

1176

1176

1177

1178

1180

1181

1183

1184

1185

1186

1187

1188

1190

1193

1194

1194

1195

1195

1197

1197

1201

1201

1201

1203

1204

1207

1208

1208

1208

1208

1209

1210

1212

1212

1218

1218

1219

1219

1220

1221

1222

1222

1222

1222

1224

1225

1226

1226

1232

1233

1233

1233

1236

1236

1236

1237

1237

1238

1240

1240

1243

1243

1246

1246

1246

1246

1250

1251

1252

1254

1256

1256

1257

1258

1258

1258

1259

1260

1261

1263

1263

1263

1263

1265

1265

1266

1267

1267

1268

1268

1268

1269

1271

1272

1274

1275

1279

1279

1280

1280

1280

1282

1283

1283

1284

1284

1288

1289

1289

1289

1292

1293

1294

1294

1297

1297

1297

1299

1300

1301

1302

1303

1304

1305

1306

1307

1307

1308

1308

1309

1309

1310

1310

1310

1313

1313

1314

1315

1316

1317

1319

1319

1320

1322

1323

1323

1323

1325

1326

1327

1328

1328

1328

1329

1332

1332

1332

1332

1333

1334

1335

1335

1336

1337

1340

1344

1345

1346

1348

1348

1350

1351

1352

1353

1353

1353

1354

1355

1356

1358

1358

1358

1358

1358

1363

1363

1363

1364

1365

1366

1368

1369

1370

1371

1371

1371

1372

1373

1375

1376

1377

1379

1379

1382

1383

1385

1386

1387

1388

1389

1389

1389

1390

1391

1391

1392

1394

1395

1396

1397

1397

1402

1403

1403

1404

1405

1406

1407

1407

1411

1412

1412

1414

1415

1419

1420

1421

1422

1423

1424

1426

1431

1432

1432

1433

1435

1436

1437

1437

1438

1438

1440

1443

1443

1444

1444

1444

1445

1445

1446

1446

1446

1448

1454

1456

1457

1458

1459

1461

1461

1461

1462

1462

1462

1463

1465

1467

1467

1467

1469

1469

1470

1471

1471

1471

1472

1473

1473

1475

1476

1476

1477

1478

1480

1482

1482

1482

1483

1485

1485

1487

1487

1489

1492

1494

1497

1498

1498

1499

1500

1501

1501

1502

1503

1504

1506

1506

1508

1511

1513

1514

1516

1517

1519

1520

1521

1521

1521

1524

1525

1527

1530

1530

1531

1533

1534

1535

1536

1537

1538

1538

1538

1539

1539

1540

1541

1541

1542

1544

1545

1547

1547

1548

1550

1550

1551

1552

1552

1553

1554

1555

1555

1556

1556

1556

1558

1558

1558

1559

1559

1560

1561

1562

1562

1562

1563

1564

1564

1564

1564

1566

1566

1567

1568

1568

1568

1569

1571

1572

1573

1574

1575

1577

1577

1577

1580

1580

1581

1583

1583

1583

1583

1584

1585

1585

1586

1588

1591

1599

1599

1599

1599

1603

1604

1604

1604

1606

1608

1608

1608

1609

1609

1609

1610

1610

1611

1611

1611

1611

1612

1612

1613

1615

1616

1616

1620

1620

1620

1620

1621

1623

1626

1626

1628

1628

1629

1630

1631

1631

1632

1633

1633

1637

1639

1639

1640

1642

1643

1643

1644

1644

1646

1647

1651

1652

1652

1652

1654

1654

1655

1655

1655

1656

1656

1656

1658

1658

1659

1662

1662

1662

1663

1663

1664

1665

1665

1671

1673

1675

1676

1678

1679

1679

1679

1679

1679

1682

1683

1684

1684

1685

1687

1687

1690

1691

1693

1694

1694

1694

1695

1697

1698

1699

1700

1700

1700

1701

1701

1703

1703

1705

1705

1707

1707

1708

1709

1709

1710

1711

1715

1716

1718

1718

1719

1720

1722

1724

1724

1724

1725

1725

1726

1727

1727

1727

1729

1729

1731

1732

1733

1733

1734

1734

1736

1738

1739

1740

1742

1742

1744

1744

1745

1746

1746

1748

1748

1749

1750

1751

1753

1753

1753

1754

1756

1758

1758

1764

1764

1768

1770

1771

1772

1772

1773

1773

1774

1774

1775

1776

1778

1779

1779

1780

1782

1782

1783

1784

1785

1785

1786

1789

1790

1792

1793

1793

1794

1794

1797

1798

1799

1799

1800

1801

1801

1804

1804

1804

1805

1806

1806

1807

1808

1813

1813

1814

1814

1814

1815

1815

1815

1817

1818

1818

1819

1819

1819

1819

1821

1821

1821

1823

1823

1824

1824

1826

1826

1826

1827

1827

1827

1829

1830

1830

1834

1836

1836

1837

1839

1841

1841

1844

1845

1845

1848

1848

1848

1849

1849

1849

1850

1851

1852

1853

1855

1855

1855

1855

1857

1859

1860

1861

1861

1864

1864

1864

1865

1867

1868

1869

1869

1869

1871

1871

1873

1879

1879

1879

1879

1879

1879

1879

1880

1881

1881

1882

1883

1883

1883

1887

1890

1891

1892

1895

1895

1896

1896

1898

1899

1900

1900

1902

1904

1905

1910

1911

1911

1913

1914

1914

1918

1918

1921

1922

1923

1923

1923

1924

1924

1925

1926

1928

1929

1929

1930

1930

1931

1931

1931

1931

1932

1934

1934

1936

1936

1936

1937

1940

1940

1941

1943

1946

1947

1953

1953

1954

1954

1954

1955

1956

1958

1958

1958

1958

1959

1960

1962

1963

1964

1967

1970

1971

1974

1974

1975

1975

1977

1982

1983

1985

1986

1987

1987

1987

1987

1987

1987

1987

1989

1990

1991

1992

1993

1998

1998

