6353

7163

1097

1908

2794

9634

6166

6083

1027

4559

847

5805

4627

2490

6769

1515

2334

8229

4529

1694

8238

1619

2088

3540

801

7596

5738

2064

2320

629

5688

5238

4555

3146

4953

2048

5873

4665

8637

1618

1405

396

8402

1280

3721

424

7259

9893

8146

6058

3074

450

6485

5357

1246

1925

2491

5244

3347

8967

6885

2868

4388

9197

779

9949

9787

3589

2717

8433

3781

9782

2605

4175

360

8059

1934

9122

3812

1226

1177

9612

7445

965

6932

6581

6625

2459

3297

3181

9848

5011

7309

9904

1044

7493

5313

4388

5060

567

