1445

1286

1297

1638

136

258

1862

946

1064

1599

632

655

563

973

746

1114

294

795

289

1777

1352

375

864

1191

970

1302

1676

1624

1619

256

1820

677

1523

1169

601

144

987

1329

31

168

788

1376

1364

306

915

1403

500

501

367

412

1393

147

1421

198

267

459

833

1466

287

176

1719

1379

671

1241

1579

98

1714

1595

1833

940

107

426

567

715

1077

1323

703

1504

1436

672

805

732

334

292

840

672

723

863

821

1756

1924

1995

63

1

435

1926

917

1640

184

777

1354

1724

806

74

1507

1763

1184

1804

377

817

1506

649

328

403

396

1246

685

494

279

357

1788

1517

98

1596

1181

1754

1721

65

286

830

944

1632

846

81

1869

910

1736

1529

605

993

280

869

746

965

144

470

887

1841

107

1718

1539

142

469

196

1264

589

771

169

1575

1605

1605

663

1210

1167

761

1985

755

399

1749

993

272

1813

813

1603

1602

