0

0

0

1

1

2

2

3

3

5

5

5

9

10

11

11

12

12

13

14

15

15

16

16

17

18

19

20

20

21

22

22

23

23

23

24

24

25

26

26

27

27

28

29

29

30

30

32

33

33

33

34

35

38

38

38

40

41

41

44

45

48

48

48

49

49

49

49

53

53

53

58

59

62

64

65

67

68

69

74

75

75

77

79

79

79

80

80

85

86

86

86

86

87

87

89

89

90

90

91

91

94

94

96

97

98

99

99

101

102

103

104

104

105

105

106

107

108

109

110

111

111

113

114

115

117

117

120

122

124

126

131

132

132

132

133

137

141

142

142

142

143

144

144

144

145

146

146

152

152

152

154

156

156

158

158

159

160

163

163

164

167

168

168

170

170

172

178

178

180

181

182

183

184

184

185

185

188

189

191

192

192

193

194

195

196

196

196

196

197

199

201

202

203

203

204

205

205

206

207

207

211

212

212

214

214

216

218

220

220

220

221

221

223

223

224

224

224

225

229

230

231

233

233

234

236

238

239

240

240

240

241

243

243

244

245

246

247

250

251

252

253

253

253

254

255

256

256

257

257

262

266

266

266

267

268

268

269

270

271

272

274

274

274

275

277

279

282

282

282

284

285

286

290

292

294

295

295

295

296

296

296

298

300

300

301

302

302

306

307

307

309

309

310

310

311

311

313

316

317

318

318

319

319

320

322

322

322

327

330

330

330

330

331

331

332

332

334

335

335

335

335

337

337

338

338

339

340

340

340

341

341

342

342

343

345

345

346

348

348

349

350

351

353

353

354

354

354

356

356

357

358

359

360

360

363

363

364

364

364

366

366

366

367

367

367

368

368

368

368

375

380

383

385

390

390

392

393

395

396

397

397

397

398

399

400

400

402

404

405

405

405

405

406

406

408

409

409

409

409

410

411

411

413

413

413

413

414

415

415

416

417

417

418

421

422

424

425

428

434

435

437

437

437

438

438

439

440

440

441

444

444

447

448

448

450

450

451

452

453

456

456

457

457

461

462

463

464

465

465

466

470

471

474

476

477

477

478

479

479

480

480

480

481

481

483

484

485

486

486

486

487

487

487

487

490

490

491

492

492

494

494

496

497

500

501

501

501

503

504

504

505

505

505

507

509

510

510

511

516

517

517

517

518

522

525

525

526

527

528

531

531

532

533

533

533

533

533

534

536

537

537

539

540

540

540

541

542

542

543

544

545

545

546

546

547

549

552

553

554

555

556

556

557

557

560

562

564

565

565

565

565

566

567

567

567

568

568

569

569

569

573

573

574

574

575

576

576

579

580

581

581

584

585

586

586

586

586

587

588

589

589

590

590

590

591

591

592

593

595

595

599

599

599

600

600

601

601

601

602

603

603

604

604

604

606

607

608

610

610

612

612

613

613

613

615

615

615

615

616

616

617

621

623

623

624

625

625

627

627

628

628

628

631

631

632

632

634

635

635

636

637

637

638

639

641

641

642

643

644

645

645

647

647

649

650

652

652

653

654

654

655

655

655

656

657

658

659

660

660

662

662

664

666

667

670

671

671

671

671

672

673

674

674

674

675

677

678

679

679

680

680

680

681

682

682

682

683

685

685

685

689

691

691

691

692

692

693

693

695

696

696

698

698

702

702

703

704

705

705

706

706

706

707

708

709

711

712

713

714

717

717

717

718

719

720

722

723

723

724

725

726

726

726

728

729

730

732

732

732

735

736

736

737

737

738

739

739

739

740

741

742

742

743

744

744

745

745

749

749

750

750

754

754

755

756

757

757

759

759

760

761

762

762

764

767

768

769

771

772

776

778

779

781

782

783

785

786

786

788

788

789

790

792

794

794

795

797

797

797

799

800

801

801

802

803

803

804

805

806

809

809

810

811

812

812

817

819

825

826

827

828

834

837

837

838

839

839

841

841

842

843

845

846

847

847

847

848

849

850

850

850

851

851

852

853

855

856

857

858

859

860

861

863

863

865

867

868

869

871

871

872

872

873

875

876

877

878

878

878

880

880

882

884

885

885

886

886

887

887

888

889

891

892

894

895

895

896

896

897

900

900

901

901

905

908

908

910

910

910

911

911

914

915

916

916

916

918

921

922

924

925

925

930

931

933

935

935

936

942

945

946

946

947

949

951

953

956

958

959

960

961

961

963

964

967

967

967

969

969

969

970

973

973

975

975

977

978

979

979

980

980

980

981

983

986

987

987

988

988

988

989

990

990

991

993

993

994

995

995

995

995

997

999

999

1000

1001

1003

1004

1005

1005

1006

1007

1008

1008

1009

1010

1011

1011

1011

1013

1019

1020

1020

1020

1020

1022

1024

1024

1026

1027

1028

1028

1028

1031

1031

1032

1032

1033

1034

1035

1036

1037

1038

1038

1039

1040

1041

1045

1045

1046

1050

1051

1052

1053

1053

1053

1055

1055

1055

1055

1056

1056

1058

1059

1060

1060

1061

1061

1062

1062

1063

1063

1063

1063

1066

1066

1066

1071

1072

1073

1074

1076

1076

1078

1078

1078

1079

1080

1080

1080

1085

1085

1086

1086

1086

1086

1087

1087

1088

1089

1090

1091

1091

1091

1092

1092

1092

1093

1096

1097

1098

1099

1100

1100

1101

1101

1104

1104

1105

1105

1106

1107

1108

1109

1109

1110

1110

1110

1111

1113

1113

1114

1114

1114

1120

1120

1121

1123

1123

1124

1124

1128

1129

1131

1131

1133

1135

1136

1138

1139

1139

1140

1140

1143

1143

1146

1148

1151

1153

1154

1155

1157

1157

1157

1158

1159

1160

1164

1164

1165

1166

1166

1167

1168

1169

1170

1171

1171

1173

1174

1174

1176

1176

1176

1177

1180

1181

1181

1182

1184

1184

1186

1187

1188

1190

1191

1191

1193

1193

1196

1198

1200

1201

1202

1204

1205

1205

1206

1206

1207

1207

1207

1208

1212

1214

1216

1216

1216

1216

1217

1218

1219

1219

1219

1219

1219

1220

1223

1223

1223

1223

1224

1225

1225

1226

1227

1228

1228

1228

1228

1230

1231

1232

1235

1238

1239

1241

1242

1242

1243

1243

1251

1251

1252

1254

1254

1255

1256

1260

1264

1266

1268

1270

1270

1271

1272

1274

1274

1275

1276

1276

1279

1280

1281

1282

1282

1284

1284

1286

1286

1287

1288

1288

1289

1289

1291

1292

1293

1294

1295

1296

1296

1298

1298

1299

1299

1301

1301

1301

1301

1301

1302

1304

1304

1304

1305

1305

1306

1306

1309

1311

1312

1313

1315

1315

1317

1323

1326

1327

1328

1329

1330

1331

1332

1334

1337

1339

1339

1341

1342

1344

1345

1347

1350

1351

1351

1352

1353

1354

1355

1357

1357

1358

1359

1359

1359

1361

1363

1364

1365

1367

1372

1373

1373

1374

1374

1375

1376

1376

1376

1377

1377

1378

1379

1379

1380

1380

1380

1381

1382

1383

1384

1384

1386

1387

1390

1391

1392

1393

1394

1396

1397

1398

1399

1399

1400

1400

1401

1401

1402

1404

1404

1404

1406

1407

1410

1410

1410

1411

1412

1414

1415

1416

1416

1418

1419

1420

1422

1422

1423

1424

1427

1428

1428

1430

1430

1431

1434

1436

1439

1439

1440

1441

1442

1442

1443

1444

1444

1446

1448

1448

1448

1449

1450

1451

1452

1453

1454

1456

1457

1457

1459

1462

1462

1462

1462

1463

1467

1471

1472

1473

1473

1474

1476

1477

1477

1478

1480

1481

1482

1483

1484

1484

1487

1488

1489

1490

1496

1496

1499

1500

1500

1503

1503

1503

1504

1504

1506

1507

1508

1509

1510

1512

1512

1512

1514

1515

1517

1519

1519

1521

1521

1522

1523

1526

1527

1529

1529

1529

1529

1532

1532

1534

1534

1536

1537

1540

1540

1541

1541

1543

1543

1545

1545

1546

1547

1548

1548

1551

1552

1554

1557

1557

1557

1558

1559

1560

1560

1560

1562

1562

1562

1562

1565

1565

1568

1568

1570

1572

1573

1573

1575

1577

1578

1579

1580

1581

1581

1581

1583

1583

1583

1587

1587

1587

1587

1589

1592

1595

1596

1596

1599

1599

1601

1603

1606

1608

1610

1610

1610

1611

1613

1613

1615

1616

1617

1618

1620

1620

1622

1622

1625

1625

1626

1631

1632

1636

1636

1639

1641

1641

1642

1644

1644

1645

1647

1650

1650

1650

1652

1653

1654

1656

1659

1664

1665

1666

1666

1666

1668

1668

1671

1672

1673

1674

1674

1674

1674

1675

1676

1677

1678

1678

1679

1680

1682

1684

1686

1688

1689

1690

1691

1691

1693

1693

1693

1696

1697

1698

1699

1703

1705

1706

1706

1707

1707

1709

1710

1711

1711

1712

1712

1713

1713

1713

1713

1714

1715

1715

1716

1716

1717

1718

1718

1720

1722

1724

1725

1725

1726

1727

1729

1730

1731

1731

1733

1733

1734

1734

1734

1735

1736

1736

1738

1739

1740

1742

1744

1744

1745

1746

1747

1748

1748

1753

1754

1755

1755

1755

1757

1758

1758

1759

1761

1763

1767

1769

1769

1769

1774

1775

1776

1778

1782

1782

1785

1788

1789

1790

1791

1792

1792

1793

1793

1794

1794

1796

1796

1797

1797

1799

1799

1800

1802

1802

1804

1805

1807

1807

1807

1808

1809

1809

1811

1813

1815

1816

1817

1818

1820

1820

1821

1821

1822

1824

1825

1826

1826

1827

1828

1828

1828

1829

1832

1835

1836

1838

1839

1840

1841

1843

1843

1843

1843

1845

1846

1846

1853

1854

1855

1856

1859

1859

1860

1863

1863

1864

1864

1866

1867

1867

1867

1868

1869

1871

1871

1873

1874

1876

1877

1877

1880

1881

1882

1882

1883

1884

1887

1888

1888

1888

1889

1890

1890

1891

1891

1892

1895

1901

1901

1901

1902

1902

1903

1904

1904

1904

1906

1909

1909

1911

1912

1912

1913

1916

1917

1917

1918

1918

1919

1922

1924

1926

1927

1928

1928

1928

1929

1931

1931

1932

1932

1933

1934

1936

1936

1937

1938

1938

1942

1942

1943

1943

1945

1948

1948

1949

1949

1951

1952

1952

1953

1955

1956

1958

1958

1958

1959

1962

1963

1964

1965

1965

1966

1966

1967

1971

1972

1973

1975

1975

1976

1977

1977

1978

1978

1979

1982

1982

1983

1983

1984

1985

1988

1988

1988

1989

1989

1990

1991

1992

1994

1994

1996

1997

1997

1997

1998

1998

