167

170

194

205

377

585

585

648

742

752

802

1025

1060

1079

1151

1269

1394

1460

1466

1582

1677

1894

2048

2064

2251

2357

2366

2393

2437

2505

2545

2588

2782

2800

2945

3019

3258

3370

3567

3699

3736

3954

4130

4135

4140

4455

4741

4751

4817

4880

4991

5146

5246

5281

5399

5474

5513

5515

5650

5663

5789

5916

6017

6110

6113

6194

6281

6301

6314

6372

6492

6589

6736

6744

6800

7031

7134

7256

7405

7450

7502

7558

7593

7759

8246

8262

8293

8365

8592

8828

8906

8919

8993

9132

9211

9221

9470

9857

9935

9985

