1445

1445

1445

1445

1445

1445

1445

1445

1445

1445

1445

1445

1445

1445

1445

1445

1445

1445

1445

1445

1445

1445

1445

1445

1445

1445

1445

1445

1445

1445

1445

1445

1445

1445

1445

1445

1445

1445

1445

1445

1445

1445

1445

1445

1445

1445

1445

1445

1445

1445

1445

1445

1445

1445

1445

1445

1445

1445

1445

1445

1445

1445

1445

1445

1445

1445

1445

1445

1445

1445

1445

1445

1445

1445

1445

1445

1445

1445

1445

1445

1445

1445

1445

1445

1445

1445

1445

1445

1445

1445

1445

1445

1445

1445

1445

1445

1445

1445

1445

1445

1445

1445

1445

1445

1445

1445

1445

1445

1445

1445

1445

1445

1445

1445

1445

1445

1445

1445

1445

1445

1445

1445

1445

1445

1445

1445

1445

1445

1445

1466

1504

1506

1507

1517

1523

1529

1539

1575

1579

1595

1596

1599

1602

1603

1605

1605

1619

1624

1632

1638

1640

1676

1714

1718

1719

1721

1724

1736

1749

1754

1756

1763

1777

1788

1804

1813

1820

1833

1841

1862

1869

1924

1926

1985

1995

