360

396

424

450

567

629

779

801

847

965

1027

1044

1097

1177

1226

1246

1280

1405

1515

1618

1619

1694

1908

1925

1934

2048

2064

2088

2320

2334

2459

2490

2491

2605

2717

2794

2868

3074

3146

3181

3297

3347

3540

3589

3721

3781

3812

4175

4388

4388

4529

4555

4559

4627

4665

4953

5011

5060

5238

5244

5313

5357

5688

5738

5805

5873

6058

6083

6166

6353

6485

6581

6625

6769

6885

6932

7163

7259

7309

7445

7493

7596

8059

8146

8229

8238

8402

8433

8637

8967

9122

9197

9612

9634

9782

9787

9848

9893

9904

9949

